1 0.49238 0.5652994011976048 0.17524 0.49473053892215574
1 0.43238 0.5717065868263472 0.22476 0.3222155688622755
1 0.33286 0.6152095808383233 0.11714 0.24664670658682633
1 0.61142 0.49901197604790415 0.08762 0.2195508982035928
1 0.7195199999999999 0.4833233532934132 0.08286 0.2509281437125749
1 0.7885800000000001 0.5104191616766467 0.10665999999999999 0.26233532934131737
1 0.88524 0.5567365269461078 0.11334000000000001 0.3065269461077844
1 0.2562 0.5161077844311377 0.13524 0.3193712574850299
1 0.37762 0.40775449101796407 0.10951999999999999 0.17395209580838325
1 0.31189999999999996 0.3835329341317365 0.07142 0.09979041916167664
1 0.04714 0.46050898203592816 0.07142 0.1397305389221557
1 0.1262 0.45766467065868266 0.09620000000000001 0.15398203592814372
1 0.0881 0.37994011976047903 0.11524 0.06416167664670659
1 0.20904 0.37353293413173655 0.12286 0.07413173652694612